0	0	0	0	0
0	0	0	50	0.771817
0	0	0	100	0.759934
0	0	0	500	0.723306
0	0	0	1000	0.693578
0	0	0	2000	0.653757
0	0	0	5000	0.606226
0	0	0.1	0	0
0	0	0.1	50	0.771817
0	0	0.1	100	0.759934
0	0	0.1	500	0.723306
0	0	0.1	1000	0.693578
0	0	0.1	2000	0.653757
0	0	0.1	5000	0.606226
0	0	0.2	0	0
0	0	0.2	50	0.771817
0	0	0.2	100	0.759934
0	0	0.2	500	0.723306
0	0	0.2	1000	0.693578
0	0	0.2	2000	0.653757
0	0	0.2	5000	0.606226
0	0	0.3	0	0
0	0	0.3	50	0.771817
0	0	0.3	100	0.759934
0	0	0.3	500	0.723306
0	0	0.3	1000	0.693578
0	0	0.3	2000	0.653757
0	0	0.3	5000	0.606226
0	0	0.4	0	0
0	0	0.4	50	0.771817
0	0	0.4	100	0.759934
0	0	0.4	500	0.723306
0	0	0.4	1000	0.693578
0	0	0.4	2000	0.653757
0	0	0.4	5000	0.606226
0	0	0.5	0	0
0	0	0.5	50	0.771817
0	0	0.5	100	0.759934
0	0	0.5	500	0.723306
0	0	0.5	1000	0.693578
0	0	0.5	2000	0.653757
0	0	0.5	5000	0.606226
0	0	0.6	0	0
0	0	0.6	50	0.771817
0	0	0.6	100	0.759934
0	0	0.6	500	0.723306
0	0	0.6	1000	0.693578
0	0	0.6	2000	0.653757
0	0	0.6	5000	0.606226
0	0	0.7	0	0
0	0	0.7	50	0.771817
0	0	0.7	100	0.759934
0	0	0.7	500	0.723306
0	0	0.7	1000	0.693578
0	0	0.7	2000	0.653757
0	0	0.7	5000	0.606226
0	0	0.8	0	0
0	0	0.8	50	0.771817
0	0	0.8	100	0.759934
0	0	0.8	500	0.723306
0	0	0.8	1000	0.693578
0	0	0.8	2000	0.653757
0	0	0.8	5000	0.606226
0	0	0.9	0	0
0	0	0.9	50	0.771817
0	0	0.9	100	0.759934
0	0	0.9	500	0.723306
0	0	0.9	1000	0.693578
0	0	0.9	2000	0.653757
0	0	0.9	5000	0.606226
0	0	1	0	0
0	0	1	50	0.771817
0	0	1	100	0.759934
0	0	1	500	0.723306
0	0	1	1000	0.693578
0	0	1	2000	0.653757
0	0	1	5000	0.606226
0	0.1	0	0	0
0	0.1	0	50	0.771817
0	0.1	0	100	0.759934
0	0.1	0	500	0.723306
0	0.1	0	1000	0.693578
0	0.1	0	2000	0.653757
0	0.1	0	5000	0.606226
0	0.1	0.1	0	0
0	0.1	0.1	50	0.782978
0	0.1	0.1	100	0.774249
0	0.1	0.1	500	0.731385
0	0.1	0.1	1000	0.700534
0	0.1	0.1	2000	0.660474
0	0.1	0.1	5000	0.611904
0	0.1	0.2	0	0
0	0.1	0.2	50	0.782772
0	0.1	0.2	100	0.772761
0	0.1	0.2	500	0.733821
0	0.1	0.2	1000	0.70223
0	0.1	0.2	2000	0.660418
0	0.1	0.2	5000	0.612797
0	0.1	0.3	0	0
0	0.1	0.3	50	0.782784
0	0.1	0.3	100	0.772954
0	0.1	0.3	500	0.73218
0	0.1	0.3	1000	0.702247
0	0.1	0.3	2000	0.66155
0	0.1	0.3	5000	0.612625
0	0.1	0.4	0	0
0	0.1	0.4	50	0.78208
0	0.1	0.4	100	0.773455
0	0.1	0.4	500	0.732825
0	0.1	0.4	1000	0.702709
0	0.1	0.4	2000	0.662376
0	0.1	0.4	5000	0.613469
0	0.1	0.5	0	0
0	0.1	0.5	50	0.781974
0	0.1	0.5	100	0.772597
0	0.1	0.5	500	0.73179
0	0.1	0.5	1000	0.701077
0	0.1	0.5	2000	0.662488
0	0.1	0.5	5000	0.613281
0	0.1	0.6	0	0
0	0.1	0.6	50	0.781317
0	0.1	0.6	100	0.771912
0	0.1	0.6	500	0.733242
0	0.1	0.6	1000	0.700973
0	0.1	0.6	2000	0.660182
0	0.1	0.6	5000	0.613256
0	0.1	0.7	0	0
0	0.1	0.7	50	0.780202
0	0.1	0.7	100	0.771633
0	0.1	0.7	500	0.733712
0	0.1	0.7	1000	0.702147
0	0.1	0.7	2000	0.660091
0	0.1	0.7	5000	0.612168
0	0.1	0.8	0	0
0	0.1	0.8	50	0.780103
0	0.1	0.8	100	0.772564
0	0.1	0.8	500	0.733239
0	0.1	0.8	1000	0.702127
0	0.1	0.8	2000	0.65938
0	0.1	0.8	5000	0.611444
0	0.1	0.9	0	0
0	0.1	0.9	50	0.781619
0	0.1	0.9	100	0.771988
0	0.1	0.9	500	0.732674
0	0.1	0.9	1000	0.702753
0	0.1	0.9	2000	0.660631
0	0.1	0.9	5000	0.613892
0	0.1	1	0	0
0	0.1	1	50	0.78286
0	0.1	1	100	0.772221
0	0.1	1	500	0.733576
0	0.1	1	1000	0.702482
0	0.1	1	2000	0.658907
0	0.1	1	5000	0.613404
0	0.2	0	0	0
0	0.2	0	50	0.771817
0	0.2	0	100	0.759934
0	0.2	0	500	0.723306
0	0.2	0	1000	0.693578
0	0.2	0	2000	0.653757
0	0.2	0	5000	0.606226
0	0.2	0.1	0	0
0	0.2	0.1	50	0.783847
0	0.2	0.1	100	0.773209
0	0.2	0.1	500	0.733821
0	0.2	0.1	1000	0.70223
0	0.2	0.1	2000	0.659881
0	0.2	0.1	5000	0.612797
0	0.2	0.2	0	0
0	0.2	0.2	50	0.781796
0	0.2	0.2	100	0.773307
0	0.2	0.2	500	0.733557
0	0.2	0.2	1000	0.703017
0	0.2	0.2	2000	0.661635
0	0.2	0.2	5000	0.613584
0	0.2	0.3	0	0
0	0.2	0.3	50	0.78129
0	0.2	0.3	100	0.771688
0	0.2	0.3	500	0.733082
0	0.2	0.3	1000	0.701009
0	0.2	0.3	2000	0.661283
0	0.2	0.3	5000	0.612467
0	0.2	0.4	0	0
0	0.2	0.4	50	0.781806
0	0.2	0.4	100	0.771919
0	0.2	0.4	500	0.733868
0	0.2	0.4	1000	0.702371
0	0.2	0.4	2000	0.659918
0	0.2	0.4	5000	0.613922
0	0.2	0.5	0	0
0	0.2	0.5	50	0.781649
0	0.2	0.5	100	0.771305
0	0.2	0.5	500	0.73305
0	0.2	0.5	1000	0.702292
0	0.2	0.5	2000	0.660066
0	0.2	0.5	5000	0.612633
0	0.2	0.6	0	0
0	0.2	0.6	50	0.782807
0	0.2	0.6	100	0.771923
0	0.2	0.6	500	0.733982
0	0.2	0.6	1000	0.702686
0	0.2	0.6	2000	0.660155
0	0.2	0.6	5000	0.61138
0	0.2	0.7	0	0
0	0.2	0.7	50	0.781834
0	0.2	0.7	100	0.773577
0	0.2	0.7	500	0.733098
0	0.2	0.7	1000	0.70429
0	0.2	0.7	2000	0.659406
0	0.2	0.7	5000	0.609824
0	0.2	0.8	0	0
0	0.2	0.8	50	0.784606
0	0.2	0.8	100	0.77375
0	0.2	0.8	500	0.733364
0	0.2	0.8	1000	0.703523
0	0.2	0.8	2000	0.658678
0	0.2	0.8	5000	0.608481
0	0.2	0.9	0	0
0	0.2	0.9	50	0.784959
0	0.2	0.9	100	0.773794
0	0.2	0.9	500	0.735167
0	0.2	0.9	1000	0.70296
0	0.2	0.9	2000	0.660052
0	0.2	0.9	5000	0.608265
0	0.2	1	0	0
0	0.2	1	50	0.785952
0	0.2	1	100	0.776417
0	0.2	1	500	0.733051
0	0.2	1	1000	0.702812
0	0.2	1	2000	0.661045
0	0.2	1	5000	0.60659
0	0.3	0	0	0
0	0.3	0	50	0.771817
0	0.3	0	100	0.759934
0	0.3	0	500	0.723306
0	0.3	0	1000	0.693578
0	0.3	0	2000	0.653757
0	0.3	0	5000	0.606226
0	0.3	0.1	0	0
0	0.3	0.1	50	0.782784
0	0.3	0.1	100	0.773097
0	0.3	0.1	500	0.73218
0	0.3	0.1	1000	0.702247
0	0.3	0.1	2000	0.66155
0	0.3	0.1	5000	0.612625
0	0.3	0.2	0	0
0	0.3	0.2	50	0.781397
0	0.3	0.2	100	0.771616
0	0.3	0.2	500	0.733082
0	0.3	0.2	1000	0.701009
0	0.3	0.2	2000	0.662232
0	0.3	0.2	5000	0.612198
0	0.3	0.3	0	0
0	0.3	0.3	50	0.781506
0	0.3	0.3	100	0.772203
0	0.3	0.3	500	0.734027
0	0.3	0.3	1000	0.701665
0	0.3	0.3	2000	0.660042
0	0.3	0.3	5000	0.613605
0	0.3	0.4	0	0
0	0.3	0.4	50	0.782898
0	0.3	0.4	100	0.77107
0	0.3	0.4	500	0.733857
0	0.3	0.4	1000	0.702776
0	0.3	0.4	2000	0.659848
0	0.3	0.4	5000	0.611429
0	0.3	0.5	0	0
0	0.3	0.5	50	0.783374
0	0.3	0.5	100	0.773883
0	0.3	0.5	500	0.733001
0	0.3	0.5	1000	0.702745
0	0.3	0.5	2000	0.659601
0	0.3	0.5	5000	0.60922
0	0.3	0.6	0	0
0	0.3	0.6	50	0.785096
0	0.3	0.6	100	0.774076
0	0.3	0.6	500	0.735643
0	0.3	0.6	1000	0.703792
0	0.3	0.6	2000	0.657903
0	0.3	0.6	5000	0.608185
0	0.3	0.7	0	0
0	0.3	0.7	50	0.785765
0	0.3	0.7	100	0.776496
0	0.3	0.7	500	0.732669
0	0.3	0.7	1000	0.703188
0	0.3	0.7	2000	0.65924
0	0.3	0.7	5000	0.60657
0	0.3	0.8	0	0
0	0.3	0.8	50	0.788524
0	0.3	0.8	100	0.776886
0	0.3	0.8	500	0.733377
0	0.3	0.8	1000	0.70056
0	0.3	0.8	2000	0.659
0	0.3	0.8	5000	0.60608
0	0.3	0.9	0	0
0	0.3	0.9	50	0.791685
0	0.3	0.9	100	0.77813
0	0.3	0.9	500	0.734851
0	0.3	0.9	1000	0.701691
0	0.3	0.9	2000	0.658271
0	0.3	0.9	5000	0.605826
0	0.3	1	0	0
0	0.3	1	50	0.79477
0	0.3	1	100	0.777426
0	0.3	1	500	0.733896
0	0.3	1	1000	0.69981
0	0.3	1	2000	0.660115
0	0.3	1	5000	0.606416
0	0.4	0	0	0
0	0.4	0	50	0.771817
0	0.4	0	100	0.759934
0	0.4	0	500	0.723306
0	0.4	0	1000	0.693578
0	0.4	0	2000	0.653757
0	0.4	0	5000	0.606226
0	0.4	0.1	0	0
0	0.4	0.1	50	0.781796
0	0.4	0.1	100	0.773281
0	0.4	0.1	500	0.732482
0	0.4	0.1	1000	0.702882
0	0.4	0.1	2000	0.661635
0	0.4	0.1	5000	0.613674
0	0.4	0.2	0	0
0	0.4	0.2	50	0.781842
0	0.4	0.2	100	0.772105
0	0.4	0.2	500	0.734136
0	0.4	0.2	1000	0.702192
0	0.4	0.2	2000	0.660745
0	0.4	0.2	5000	0.613698
0	0.4	0.3	0	0
0	0.4	0.3	50	0.783181
0	0.4	0.3	100	0.76959
0	0.4	0.3	500	0.732961
0	0.4	0.3	1000	0.702722
0	0.4	0.3	2000	0.659668
0	0.4	0.3	5000	0.610638
0	0.4	0.4	0	0
0	0.4	0.4	50	0.783337
0	0.4	0.4	100	0.773408
0	0.4	0.4	500	0.732698
0	0.4	0.4	1000	0.704648
0	0.4	0.4	2000	0.658547
0	0.4	0.4	5000	0.609328
0	0.4	0.5	0	0
0	0.4	0.5	50	0.78483
0	0.4	0.5	100	0.77555
0	0.4	0.5	500	0.735287
0	0.4	0.5	1000	0.704298
0	0.4	0.5	2000	0.660135
0	0.4	0.5	5000	0.606388
0	0.4	0.6	0	0
0	0.4	0.6	50	0.788429
0	0.4	0.6	100	0.777105
0	0.4	0.6	500	0.735829
0	0.4	0.6	1000	0.701431
0	0.4	0.6	2000	0.660833
0	0.4	0.6	5000	0.605789
0	0.4	0.7	0	0
0	0.4	0.7	50	0.79231
0	0.4	0.7	100	0.77607
0	0.4	0.7	500	0.73305
0	0.4	0.7	1000	0.701215
0	0.4	0.7	2000	0.659946
0	0.4	0.7	5000	0.605566
0	0.4	0.8	0	0
0	0.4	0.8	50	0.794683
0	0.4	0.8	100	0.779047
0	0.4	0.8	500	0.735254
0	0.4	0.8	1000	0.700302
0	0.4	0.8	2000	0.661422
0	0.4	0.8	5000	0.608174
0	0.4	0.9	0	0
0	0.4	0.9	50	0.794259
0	0.4	0.9	100	0.781862
0	0.4	0.9	500	0.733372
0	0.4	0.9	1000	0.70022
0	0.4	0.9	2000	0.66176
0	0.4	0.9	5000	0.605066
0	0.4	1	0	0
0	0.4	1	50	0.792248
0	0.4	1	100	0.780128
0	0.4	1	500	0.731306
0	0.4	1	1000	0.69933
0	0.4	1	2000	0.661486
0	0.4	1	5000	0.600123
0	0.5	0	0	0
0	0.5	0	50	0.771817
0	0.5	0	100	0.759934
0	0.5	0	500	0.723306
0	0.5	0	1000	0.693578
0	0.5	0	2000	0.653757
0	0.5	0	5000	0.606226
0	0.5	0.1	0	0
0	0.5	0.1	50	0.780809
0	0.5	0.1	100	0.772817
0	0.5	0.1	500	0.731074
0	0.5	0.1	1000	0.701247
0	0.5	0.1	2000	0.66195
0	0.5	0.1	5000	0.613596
0	0.5	0.2	0	0
0	0.5	0.2	50	0.78146
0	0.5	0.2	100	0.771269
0	0.5	0.2	500	0.733991
0	0.5	0.2	1000	0.702471
0	0.5	0.2	2000	0.659729
0	0.5	0.2	5000	0.613085
0	0.5	0.3	0	0
0	0.5	0.3	50	0.783027
0	0.5	0.3	100	0.773201
0	0.5	0.3	500	0.733519
0	0.5	0.3	1000	0.703428
0	0.5	0.3	2000	0.659249
0	0.5	0.3	5000	0.608696
0	0.5	0.4	0	0
0	0.5	0.4	50	0.784331
0	0.5	0.4	100	0.77613
0	0.5	0.4	500	0.735491
0	0.5	0.4	1000	0.705003
0	0.5	0.4	2000	0.658594
0	0.5	0.4	5000	0.60689
0	0.5	0.5	0	0
0	0.5	0.5	50	0.787378
0	0.5	0.5	100	0.774108
0	0.5	0.5	500	0.736049
0	0.5	0.5	1000	0.702506
0	0.5	0.5	2000	0.662418
0	0.5	0.5	5000	0.60594
0	0.5	0.6	0	0
0	0.5	0.6	50	0.793396
0	0.5	0.6	100	0.77555
0	0.5	0.6	500	0.734479
0	0.5	0.6	1000	0.701306
0	0.5	0.6	2000	0.662376
0	0.5	0.6	5000	0.606898
0	0.5	0.7	0	0
0	0.5	0.7	50	0.794626
0	0.5	0.7	100	0.782231
0	0.5	0.7	500	0.73567
0	0.5	0.7	1000	0.699629
0	0.5	0.7	2000	0.661272
0	0.5	0.7	5000	0.607728
0	0.5	0.8	0	0
0	0.5	0.8	50	0.792012
0	0.5	0.8	100	0.781161
0	0.5	0.8	500	0.730886
0	0.5	0.8	1000	0.698644
0	0.5	0.8	2000	0.661795
0	0.5	0.8	5000	0.601067
0	0.5	0.9	0	0
0	0.5	0.9	50	0.793171
0	0.5	0.9	100	0.777979
0	0.5	0.9	500	0.729966
0	0.5	0.9	1000	0.695147
0	0.5	0.9	2000	0.660258
0	0.5	0.9	5000	0.601148
0	0.5	1	0	0
0	0.5	1	50	0.795573
0	0.5	1	100	0.78041
0	0.5	1	500	0.729537
0	0.5	1	1000	0.698637
0	0.5	1	2000	0.65788
0	0.5	1	5000	0.595969
0	0.6	0	0	0
0	0.6	0	50	0.771817
0	0.6	0	100	0.759934
0	0.6	0	500	0.723306
0	0.6	0	1000	0.693578
0	0.6	0	2000	0.653757
0	0.6	0	5000	0.606226
0	0.6	0.1	0	0
0	0.6	0.1	50	0.780896
0	0.6	0.1	100	0.771796
0	0.6	0.1	500	0.733082
0	0.6	0.1	1000	0.701009
0	0.6	0.1	2000	0.662412
0	0.6	0.1	5000	0.612198
0	0.6	0.2	0	0
0	0.6	0.2	50	0.782644
0	0.6	0.2	100	0.77054
0	0.6	0.2	500	0.73314
0	0.6	0.2	1000	0.703744
0	0.6	0.2	2000	0.659558
0	0.6	0.2	5000	0.610638
0	0.6	0.3	0	0
0	0.6	0.3	50	0.783716
0	0.6	0.3	100	0.774511
0	0.6	0.3	500	0.734777
0	0.6	0.3	1000	0.705052
0	0.6	0.3	2000	0.658538
0	0.6	0.3	5000	0.608582
0	0.6	0.4	0	0
0	0.6	0.4	50	0.788126
0	0.6	0.4	100	0.778074
0	0.6	0.4	500	0.735186
0	0.6	0.4	1000	0.701345
0	0.6	0.4	2000	0.661873
0	0.6	0.4	5000	0.60762
0	0.6	0.5	0	0
0	0.6	0.5	50	0.792888
0	0.6	0.5	100	0.775619
0	0.6	0.5	500	0.734289
0	0.6	0.5	1000	0.701374
0	0.6	0.5	2000	0.661094
0	0.6	0.5	5000	0.607464
0	0.6	0.6	0	0
0	0.6	0.6	50	0.794277
0	0.6	0.6	100	0.783154
0	0.6	0.6	500	0.73616
0	0.6	0.6	1000	0.699139
0	0.6	0.6	2000	0.663906
0	0.6	0.6	5000	0.607639
0	0.6	0.7	0	0
0	0.6	0.7	50	0.792384
0	0.6	0.7	100	0.780709
0	0.6	0.7	500	0.730297
0	0.6	0.7	1000	0.698732
0	0.6	0.7	2000	0.660824
0	0.6	0.7	5000	0.602325
0	0.6	0.8	0	0
0	0.6	0.8	50	0.796103
0	0.6	0.8	100	0.78063
0	0.6	0.8	500	0.730838
0	0.6	0.8	1000	0.699242
0	0.6	0.8	2000	0.660215
0	0.6	0.8	5000	0.597952
0	0.6	0.9	0	0
0	0.6	0.9	50	0.793259
0	0.6	0.9	100	0.779413
0	0.6	0.9	500	0.728555
0	0.6	0.9	1000	0.694756
0	0.6	0.9	2000	0.65613
0	0.6	0.9	5000	0.592396
0	0.6	1	0	0
0	0.6	1	50	0.784901
0	0.6	1	100	0.775806
0	0.6	1	500	0.723141
0	0.6	1	1000	0.690371
0	0.6	1	2000	0.651467
0	0.6	1	5000	0.580755
0	0.7	0	0	0
0	0.7	0	50	0.771817
0	0.7	0	100	0.759934
0	0.7	0	500	0.723306
0	0.7	0	1000	0.693578
0	0.7	0	2000	0.653757
0	0.7	0	5000	0.606226
0	0.7	0.1	0	0
0	0.7	0.1	50	0.782703
0	0.7	0.1	100	0.77128
0	0.7	0.1	500	0.733739
0	0.7	0.1	1000	0.701295
0	0.7	0.1	2000	0.660955
0	0.7	0.1	5000	0.615219
0	0.7	0.2	0	0
0	0.7	0.2	50	0.783635
0	0.7	0.2	100	0.773005
0	0.7	0.2	500	0.732683
0	0.7	0.2	1000	0.704427
0	0.7	0.2	2000	0.660016
0	0.7	0.2	5000	0.60929
0	0.7	0.3	0	0
0	0.7	0.3	50	0.785777
0	0.7	0.3	100	0.776724
0	0.7	0.3	500	0.735587
0	0.7	0.3	1000	0.703883
0	0.7	0.3	2000	0.660435
0	0.7	0.3	5000	0.606261
0	0.7	0.4	0	0
0	0.7	0.4	50	0.788529
0	0.7	0.4	100	0.776199
0	0.7	0.4	500	0.733897
0	0.7	0.4	1000	0.70189
0	0.7	0.4	2000	0.663461
0	0.7	0.4	5000	0.606457
0	0.7	0.5	0	0
0	0.7	0.5	50	0.793537
0	0.7	0.5	100	0.782204
0	0.7	0.5	500	0.736661
0	0.7	0.5	1000	0.701003
0	0.7	0.5	2000	0.662489
0	0.7	0.5	5000	0.606905
0	0.7	0.6	0	0
0	0.7	0.6	50	0.793522
0	0.7	0.6	100	0.780056
0	0.7	0.6	500	0.731866
0	0.7	0.6	1000	0.697919
0	0.7	0.6	2000	0.660739
0	0.7	0.6	5000	0.601737
0	0.7	0.7	0	0
0	0.7	0.7	50	0.795009
0	0.7	0.7	100	0.781208
0	0.7	0.7	500	0.730976
0	0.7	0.7	1000	0.698169
0	0.7	0.7	2000	0.659473
0	0.7	0.7	5000	0.597666
0	0.7	0.8	0	0
0	0.7	0.8	50	0.791915
0	0.7	0.8	100	0.778281
0	0.7	0.8	500	0.728818
0	0.7	0.8	1000	0.694736
0	0.7	0.8	2000	0.656969
0	0.7	0.8	5000	0.591742
0	0.7	0.9	0	0
0	0.7	0.9	50	0.784883
0	0.7	0.9	100	0.773243
0	0.7	0.9	500	0.72292
0	0.7	0.9	1000	0.688845
0	0.7	0.9	2000	0.647586
0	0.7	0.9	5000	0.580963
0	0.7	1	0	0
0	0.7	1	50	0.776382
0	0.7	1	100	0.762873
0	0.7	1	500	0.713251
0	0.7	1	1000	0.677478
0	0.7	1	2000	0.632883
0	0.7	1	5000	0.566006
0	0.8	0	0	0
0	0.8	0	50	0.771817
0	0.8	0	100	0.759934
0	0.8	0	500	0.723306
0	0.8	0	1000	0.693578
0	0.8	0	2000	0.653757
0	0.8	0	5000	0.606226
0	0.8	0.1	0	0
0	0.8	0.1	50	0.781857
0	0.8	0.1	100	0.772105
0	0.8	0.1	500	0.734262
0	0.8	0.1	1000	0.700901
0	0.8	0.1	2000	0.660726
0	0.8	0.1	5000	0.613698
0	0.8	0.2	0	0
0	0.8	0.2	50	0.783813
0	0.8	0.2	100	0.772905
0	0.8	0.2	500	0.733623
0	0.8	0.2	1000	0.703626
0	0.8	0.2	2000	0.658557
0	0.8	0.2	5000	0.610025
0	0.8	0.3	0	0
0	0.8	0.3	50	0.787229
0	0.8	0.3	100	0.77639
0	0.8	0.3	500	0.733749
0	0.8	0.3	1000	0.703038
0	0.8	0.3	2000	0.661592
0	0.8	0.3	5000	0.607958
0	0.8	0.4	0	0
0	0.8	0.4	50	0.795696
0	0.8	0.4	100	0.780246
0	0.8	0.4	500	0.735633
0	0.8	0.4	1000	0.701901
0	0.8	0.4	2000	0.662035
0	0.8	0.4	5000	0.606877
0	0.8	0.5	0	0
0	0.8	0.5	50	0.792925
0	0.8	0.5	100	0.782645
0	0.8	0.5	500	0.73454
0	0.8	0.5	1000	0.699665
0	0.8	0.5	2000	0.662526
0	0.8	0.5	5000	0.605307
0	0.8	0.6	0	0
0	0.8	0.6	50	0.795748
0	0.8	0.6	100	0.780824
0	0.8	0.6	500	0.732369
0	0.8	0.6	1000	0.697469
0	0.8	0.6	2000	0.660494
0	0.8	0.6	5000	0.600909
0	0.8	0.7	0	0
0	0.8	0.7	50	0.793725
0	0.8	0.7	100	0.779287
0	0.8	0.7	500	0.729605
0	0.8	0.7	1000	0.695316
0	0.8	0.7	2000	0.657277
0	0.8	0.7	5000	0.593976
0	0.8	0.8	0	0
0	0.8	0.8	50	0.784256
0	0.8	0.8	100	0.773301
0	0.8	0.8	500	0.722645
0	0.8	0.8	1000	0.690335
0	0.8	0.8	2000	0.647963
0	0.8	0.8	5000	0.579689
0	0.8	0.9	0	0
0	0.8	0.9	50	0.775236
0	0.8	0.9	100	0.762933
0	0.8	0.9	500	0.712641
0	0.8	0.9	1000	0.677581
0	0.8	0.9	2000	0.632474
0	0.8	0.9	5000	0.566575
0	0.8	1	0	0
0	0.8	1	50	0.75743
0	0.8	1	100	0.746542
0	0.8	1	500	0.698606
0	0.8	1	1000	0.662529
0	0.8	1	2000	0.613287
0	0.8	1	5000	0.54269
0	0.9	0	0	0
0	0.9	0	50	0.771817
0	0.9	0	100	0.759934
0	0.9	0	500	0.723306
0	0.9	0	1000	0.693578
0	0.9	0	2000	0.653757
0	0.9	0	5000	0.606226
0	0.9	0.1	0	0
0	0.9	0.1	50	0.781452
0	0.9	0.1	100	0.772132
0	0.9	0.1	500	0.734117
0	0.9	0.1	1000	0.701657
0	0.9	0.1	2000	0.660204
0	0.9	0.1	5000	0.614197
0	0.9	0.2	0	0
0	0.9	0.2	50	0.784254
0	0.9	0.2	100	0.774768
0	0.9	0.2	500	0.734777
0	0.9	0.2	1000	0.705251
0	0.9	0.2	2000	0.658717
0	0.9	0.2	5000	0.608658
0	0.9	0.3	0	0
0	0.9	0.3	50	0.787385
0	0.9	0.3	100	0.77571
0	0.9	0.3	500	0.733612
0	0.9	0.3	1000	0.702779
0	0.9	0.3	2000	0.663367
0	0.9	0.3	5000	0.607307
0	0.9	0.4	0	0
0	0.9	0.4	50	0.79304
0	0.9	0.4	100	0.78339
0	0.9	0.4	500	0.736338
0	0.9	0.4	1000	0.699078
0	0.9	0.4	2000	0.662493
0	0.9	0.4	5000	0.606287
0	0.9	0.5	0	0
0	0.9	0.5	50	0.796029
0	0.9	0.5	100	0.779762
0	0.9	0.5	500	0.731764
0	0.9	0.5	1000	0.697138
0	0.9	0.5	2000	0.659603
0	0.9	0.5	5000	0.602214
0	0.9	0.6	0	0
0	0.9	0.6	50	0.796106
0	0.9	0.6	100	0.781815
0	0.9	0.6	500	0.729648
0	0.9	0.6	1000	0.697147
0	0.9	0.6	2000	0.659319
0	0.9	0.6	5000	0.595637
0	0.9	0.7	0	0
0	0.9	0.7	50	0.785565
0	0.9	0.7	100	0.774069
0	0.9	0.7	500	0.724793
0	0.9	0.7	1000	0.691444
0	0.9	0.7	2000	0.651061
0	0.9	0.7	5000	0.581103
0	0.9	0.8	0	0
0	0.9	0.8	50	0.775195
0	0.9	0.8	100	0.764868
0	0.9	0.8	500	0.715808
0	0.9	0.8	1000	0.680563
0	0.9	0.8	2000	0.635968
0	0.9	0.8	5000	0.570556
0	0.9	0.9	0	0
0	0.9	0.9	50	0.759553
0	0.9	0.9	100	0.748387
0	0.9	0.9	500	0.700573
0	0.9	0.9	1000	0.663979
0	0.9	0.9	2000	0.619175
0	0.9	0.9	5000	0.54565
0	0.9	1	0	0
0	0.9	1	50	0.734677
0	0.9	1	100	0.727403
0	0.9	1	500	0.677137
0	0.9	1	1000	0.635638
0	0.9	1	2000	0.591227
0	0.9	1	5000	0.515347
0	1	0	0	0
0	1	0	50	0.771817
0	1	0	100	0.759934
0	1	0	500	0.723306
0	1	0	1000	0.693578
0	1	0	2000	0.653757
0	1	0	5000	0.606226
0	1	0.1	0	0
0	1	0.1	50	0.781281
0	1	0.1	100	0.771269
0	1	0.1	500	0.733949
0	1	0.1	1000	0.702435
0	1	0.1	2000	0.659806
0	1	0.1	5000	0.613474
0	1	0.2	0	0
0	1	0.2	50	0.785453
0	1	0.2	100	0.777287
0	1	0.2	500	0.735553
0	1	0.2	1000	0.705873
0	1	0.2	2000	0.658873
0	1	0.2	5000	0.606639
0	1	0.3	0	0
0	1	0.3	50	0.790921
0	1	0.3	100	0.776051
0	1	0.3	500	0.731752
0	1	0.3	1000	0.701003
0	1	0.3	2000	0.663193
0	1	0.3	5000	0.60608
0	1	0.4	0	0
0	1	0.4	50	0.793152
0	1	0.4	100	0.781344
0	1	0.4	500	0.735006
0	1	0.4	1000	0.699744
0	1	0.4	2000	0.662603
0	1	0.4	5000	0.605568
0	1	0.5	0	0
0	1	0.5	50	0.796038
0	1	0.5	100	0.781944
0	1	0.5	500	0.7292
0	1	0.5	1000	0.700043
0	1	0.5	2000	0.6594
0	1	0.5	5000	0.59825
0	1	0.6	0	0
0	1	0.6	50	0.790244
0	1	0.6	100	0.775455
0	1	0.6	500	0.726406
0	1	0.6	1000	0.695882
0	1	0.6	2000	0.654462
0	1	0.6	5000	0.588128
0	1	0.7	0	0
0	1	0.7	50	0.780986
0	1	0.7	100	0.767246
0	1	0.7	500	0.7181
0	1	0.7	1000	0.686503
0	1	0.7	2000	0.641737
0	1	0.7	5000	0.574786
0	1	0.8	0	0
0	1	0.8	50	0.767899
0	1	0.8	100	0.754504
0	1	0.8	500	0.704807
0	1	0.8	1000	0.667654
0	1	0.8	2000	0.623524
0	1	0.8	5000	0.551643
0	1	0.9	0	0
0	1	0.9	50	0.744168
0	1	0.9	100	0.734414
0	1	0.9	500	0.683719
0	1	0.9	1000	0.646402
0	1	0.9	2000	0.597905
0	1	0.9	5000	0.525027
0	1	1	0	0
0	1	1	50	0.702314
0	1	1	100	0.696496
0	1	1	500	0.643449
0	1	1	1000	0.603864
0	1	1	2000	0.560641
0	1	1	5000	0.491636
0.2	0	0	10	0.780734
0.2	0	0	50	0.773348
0.2	0	0	100	0.763554
0.2	0	0.2	10	0.780734
0.2	0	0.2	50	0.773348
0.2	0	0.2	100	0.763554
0.2	0	0.4	10	0.780734
0.2	0	0.4	50	0.773348
0.2	0	0.4	100	0.763554
0.2	0	0.6	10	0.780734
0.2	0	0.6	50	0.773348
0.2	0	0.6	100	0.763554
0.2	0	0.8	10	0.780734
0.2	0	0.8	50	0.773348
0.2	0	0.8	100	0.763554
0.2	0	1	10	0.780734
0.2	0	1	50	0.773348
0.2	0	1	100	0.763554
0.2	0.2	0	10	0.780734
0.2	0.2	0	50	0.773348
0.2	0.2	0	100	0.763554
0.2	0.2	0.2	10	0.791225
0.2	0.2	0.2	50	0.782431
0.2	0.2	0.2	100	0.777367
0.2	0.2	0.4	10	0.791861
0.2	0.2	0.4	50	0.781383
0.2	0.2	0.4	100	0.776995
0.2	0.2	0.6	10	0.795447
0.2	0.2	0.6	50	0.782986
0.2	0.2	0.6	100	0.777963
0.2	0.2	0.8	10	0.797662
0.2	0.2	0.8	50	0.784911
0.2	0.2	0.8	100	0.776313
0.2	0.2	1	10	0.801361
0.2	0.2	1	50	0.787971
0.2	0.2	1	100	0.778107
0.2	0.4	0	10	0.780734
0.2	0.4	0	50	0.773348
0.2	0.4	0	100	0.763554
0.2	0.4	0.2	10	0.792339
0.2	0.4	0.2	50	0.781345
0.2	0.4	0.2	100	0.776995
0.2	0.4	0.4	10	0.797499
0.2	0.4	0.4	50	0.785687
0.2	0.4	0.4	100	0.776569
0.2	0.4	0.6	10	0.8023
0.2	0.4	0.6	50	0.790621
0.2	0.4	0.6	100	0.77963
0.2	0.4	0.8	10	0.801581
0.2	0.4	0.8	50	0.795866
0.2	0.4	0.8	100	0.785144
0.2	0.4	1	10	0.804318
0.2	0.4	1	50	0.793341
0.2	0.4	1	100	0.787876
0.2	0.6	0	10	0.780734
0.2	0.6	0	50	0.773348
0.2	0.6	0	100	0.763554
0.2	0.6	0.2	10	0.794153
0.2	0.6	0.2	50	0.782017
0.2	0.6	0.2	100	0.777446
0.2	0.6	0.4	10	0.803677
0.2	0.6	0.4	50	0.78858
0.2	0.6	0.4	100	0.779308
0.2	0.6	0.6	10	0.805397
0.2	0.6	0.6	50	0.794759
0.2	0.6	0.6	100	0.787305
0.2	0.6	0.8	10	0.802587
0.2	0.6	0.8	50	0.796053
0.2	0.6	0.8	100	0.786946
0.2	0.6	1	10	0.798141
0.2	0.6	1	50	0.786985
0.2	0.6	1	100	0.779608
0.2	0.8	0	10	0.780734
0.2	0.8	0	50	0.773348
0.2	0.8	0	100	0.763554
0.2	0.8	0.2	10	0.798437
0.2	0.8	0.2	50	0.784279
0.2	0.8	0.2	100	0.776928
0.2	0.8	0.4	10	0.802994
0.2	0.8	0.4	50	0.795826
0.2	0.8	0.4	100	0.78587
0.2	0.8	0.6	10	0.802002
0.2	0.8	0.6	50	0.795671
0.2	0.8	0.6	100	0.785744
0.2	0.8	0.8	10	0.795892
0.2	0.8	0.8	50	0.786014
0.2	0.8	0.8	100	0.779164
0.2	0.8	1	10	0.77019
0.2	0.8	1	50	0.760469
0.2	0.8	1	100	0.751518
0.2	1	0	10	0.780734
0.2	1	0	50	0.773348
0.2	1	0	100	0.763554
0.2	1	0.2	10	0.799201
0.2	1	0.2	50	0.786776
0.2	1	0.2	100	0.77915
0.2	1	0.4	10	0.806234
0.2	1	0.4	50	0.792782
0.2	1	0.4	100	0.786017
0.2	1	0.6	10	0.796911
0.2	1	0.6	50	0.792718
0.2	1	0.6	100	0.783578
0.2	1	0.8	10	0.777962
0.2	1	0.8	50	0.769451
0.2	1	0.8	100	0.759971
0.2	1	1	10	0.698249
0.2	1	1	50	0.704828
0.2	1	1	100	0.701733
0.2	1.2	0	10	0.780734
0.2	1.2	0	50	0.773348
0.2	1.2	0	100	0.763554
0.2	1.2	0.2	10	0.801931
0.2	1.2	0.2	50	0.788719
0.2	1.2	0.2	100	0.780538
0.2	1.2	0.4	10	0.802604
0.2	1.2	0.4	50	0.796819
0.2	1.2	0.4	100	0.785701
0.2	1.2	0.6	10	0.790629
0.2	1.2	0.6	50	0.780801
0.2	1.2	0.6	100	0.770578
0.2	1.2	0.8	10	0.745946
0.2	1.2	0.8	50	0.735466
0.2	1.2	0.8	100	0.731551
0.2	1.2	1	10	0.420901
0.2	1.2	1	50	0.538495
0.2	1.2	1	100	0.564233
0.2	1.4	0	10	0.780734
0.2	1.4	0	50	0.773348
0.2	1.4	0	100	0.763554
0.2	1.4	0.2	10	0.800896
0.2	1.4	0.2	50	0.789277
0.2	1.4	0.2	100	0.780728
0.2	1.4	0.4	10	0.799898
0.2	1.4	0.4	50	0.796126
0.2	1.4	0.4	100	0.786692
0.2	1.4	0.6	10	0.77333
0.2	1.4	0.6	50	0.766299
0.2	1.4	0.6	100	0.760488
0.2	1.4	0.8	10	0.687341
0.2	1.4	0.8	50	0.692808
0.2	1.4	0.8	100	0.689114
0.2	1.4	1	10	0.230953
0.2	1.4	1	50	0.275543
0.2	1.4	1	100	0.309281
0.2	1.6	0	10	0.780734
0.2	1.6	0	50	0.773348
0.2	1.6	0	100	0.763554
0.2	1.6	0.2	10	0.80428
0.2	1.6	0.2	50	0.795031
0.2	1.6	0.2	100	0.786064
0.2	1.6	0.4	10	0.795253
0.2	1.6	0.4	50	0.790675
0.2	1.6	0.4	100	0.781689
0.2	1.6	0.6	10	0.753581
0.2	1.6	0.6	50	0.744087
0.2	1.6	0.6	100	0.737456
0.2	1.6	0.8	10	0.588383
0.2	1.6	0.8	50	0.610908
0.2	1.6	0.8	100	0.611903
0.2	1.6	1	10	0.133581
0.2	1.6	1	50	0.160239
0.2	1.6	1	100	0.174384
0.2	1.8	0	10	0.780734
0.2	1.8	0	50	0.773348
0.2	1.8	0	100	0.763554
0.2	1.8	0.2	10	0.803347
0.2	1.8	0.2	50	0.793853
0.2	1.8	0.2	100	0.786679
0.2	1.8	0.4	10	0.794348
0.2	1.8	0.4	50	0.781301
0.2	1.8	0.4	100	0.777476
0.2	1.8	0.6	10	0.723149
0.2	1.8	0.6	50	0.72272
0.2	1.8	0.6	100	0.714554
0.2	1.8	0.8	10	0.419836
0.2	1.8	0.8	50	0.483202
0.2	1.8	0.8	100	0.496365
0.2	1.8	1	10	0.0560189
0.2	1.8	1	50	0.0831443
0.2	1.8	1	100	0.0939124
0.4	0	0	10	0.776261
0.4	0	0	50	0.774627
0.4	0	0	100	0.770418
0.4	0	0.2	10	0.776261
0.4	0	0.2	50	0.774627
0.4	0	0.2	100	0.770418
0.4	0	0.4	10	0.776261
0.4	0	0.4	50	0.774627
0.4	0	0.4	100	0.770418
0.4	0	0.6	10	0.776261
0.4	0	0.6	50	0.774627
0.4	0	0.6	100	0.770418
0.4	0	0.8	10	0.776261
0.4	0	0.8	50	0.774627
0.4	0	0.8	100	0.770418
0.4	0	1	10	0.776261
0.4	0	1	50	0.774627
0.4	0	1	100	0.770418
0.4	0.2	0	10	0.776261
0.4	0.2	0	50	0.774627
0.4	0.2	0	100	0.770418
0.4	0.2	0.2	10	0.790186
0.4	0.2	0.2	50	0.783063
0.4	0.2	0.2	100	0.779148
0.4	0.2	0.4	10	0.791896
0.4	0.2	0.4	50	0.782781
0.4	0.2	0.4	100	0.77751
0.4	0.2	0.6	10	0.79415
0.4	0.2	0.6	50	0.784447
0.4	0.2	0.6	100	0.78085
0.4	0.2	0.8	10	0.796209
0.4	0.2	0.8	50	0.785716
0.4	0.2	0.8	100	0.781754
0.4	0.2	1	10	0.798946
0.4	0.2	1	50	0.789294
0.4	0.2	1	100	0.781553
0.4	0.4	0	10	0.776261
0.4	0.4	0	50	0.774627
0.4	0.4	0	100	0.770418
0.4	0.4	0.2	10	0.79228
0.4	0.4	0.2	50	0.784614
0.4	0.4	0.2	100	0.777331
0.4	0.4	0.4	10	0.796682
0.4	0.4	0.4	50	0.785472
0.4	0.4	0.4	100	0.779658
0.4	0.4	0.6	10	0.801646
0.4	0.4	0.6	50	0.790299
0.4	0.4	0.6	100	0.786348
0.4	0.4	0.8	10	0.802838
0.4	0.4	0.8	50	0.797354
0.4	0.4	0.8	100	0.790086
0.4	0.4	1	10	0.80041
0.4	0.4	1	50	0.792469
0.4	0.4	1	100	0.792436
0.4	0.6	0	10	0.776261
0.4	0.6	0	50	0.774627
0.4	0.6	0	100	0.770418
0.4	0.6	0.2	10	0.793358
0.4	0.6	0.2	50	0.783522
0.4	0.6	0.2	100	0.7806
0.4	0.6	0.4	10	0.799827
0.4	0.6	0.4	50	0.789834
0.4	0.6	0.4	100	0.78602
0.4	0.6	0.6	10	0.803844
0.4	0.6	0.6	50	0.795454
0.4	0.6	0.6	100	0.791441
0.4	0.6	0.8	10	0.802353
0.4	0.6	0.8	50	0.796726
0.4	0.6	0.8	100	0.790562
0.4	0.6	1	10	0.795247
0.4	0.6	1	50	0.787376
0.4	0.6	1	100	0.7874
0.4	0.8	0	10	0.776261
0.4	0.8	0	50	0.774627
0.4	0.8	0	100	0.770418
0.4	0.8	0.2	10	0.797029
0.4	0.8	0.2	50	0.783885
0.4	0.8	0.2	100	0.779873
0.4	0.8	0.4	10	0.803027
0.4	0.8	0.4	50	0.795654
0.4	0.8	0.4	100	0.789518
0.4	0.8	0.6	10	0.801053
0.4	0.8	0.6	50	0.797896
0.4	0.8	0.6	100	0.791719
0.4	0.8	0.8	10	0.795919
0.4	0.8	0.8	50	0.786516
0.4	0.8	0.8	100	0.784078
0.4	0.8	1	10	0.77007
0.4	0.8	1	50	0.762506
0.4	0.8	1	100	0.756446
0.4	1	0	10	0.776261
0.4	1	0	50	0.774627
0.4	1	0	100	0.770418
0.4	1	0.2	10	0.799031
0.4	1	0.2	50	0.78706
0.4	1	0.2	100	0.781995
0.4	1	0.4	10	0.802336
0.4	1	0.4	50	0.795603
0.4	1	0.4	100	0.791153
0.4	1	0.6	10	0.795618
0.4	1	0.6	50	0.794159
0.4	1	0.6	100	0.787151
0.4	1	0.8	10	0.777424
0.4	1	0.8	50	0.769328
0.4	1	0.8	100	0.762187
0.4	1	1	10	0.704132
0.4	1	1	50	0.707527
0.4	1	1	100	0.708792
0.4	1.2	0	10	0.776261
0.4	1.2	0	50	0.774627
0.4	1.2	0	100	0.770418
0.4	1.2	0.2	10	0.799954
0.4	1.2	0.2	50	0.789376
0.4	1.2	0.2	100	0.784087
0.4	1.2	0.4	10	0.800307
0.4	1.2	0.4	50	0.797547
0.4	1.2	0.4	100	0.792724
0.4	1.2	0.6	10	0.788053
0.4	1.2	0.6	50	0.782744
0.4	1.2	0.6	100	0.777861
0.4	1.2	0.8	10	0.746356
0.4	1.2	0.8	50	0.73802
0.4	1.2	0.8	100	0.736237
0.4	1.2	1	10	0.462305
0.4	1.2	1	50	0.546784
0.4	1.2	1	100	0.567847
0.4	1.4	0	10	0.776261
0.4	1.4	0	50	0.774627
0.4	1.4	0	100	0.770418
0.4	1.4	0.2	10	0.797292
0.4	1.4	0.2	50	0.792323
0.4	1.4	0.2	100	0.787383
0.4	1.4	0.4	10	0.799151
0.4	1.4	0.4	50	0.796495
0.4	1.4	0.4	100	0.793881
0.4	1.4	0.6	10	0.776114
0.4	1.4	0.6	50	0.767652
0.4	1.4	0.6	100	0.762852
0.4	1.4	0.8	10	0.688783
0.4	1.4	0.8	50	0.69358
0.4	1.4	0.8	100	0.692188
0.4	1.4	1	10	0.238188
0.4	1.4	1	50	0.281621
0.4	1.4	1	100	0.307063
0.4	1.6	0	10	0.776261
0.4	1.6	0	50	0.774627
0.4	1.6	0	100	0.770418
0.4	1.6	0.2	10	0.803669
0.4	1.6	0.2	50	0.795081
0.4	1.6	0.2	100	0.789381
0.4	1.6	0.4	10	0.794223
0.4	1.6	0.4	50	0.793285
0.4	1.6	0.4	100	0.785019
0.4	1.6	0.6	10	0.755865
0.4	1.6	0.6	50	0.744831
0.4	1.6	0.6	100	0.739183
0.4	1.6	0.8	10	0.600414
0.4	1.6	0.8	50	0.614449
0.4	1.6	0.8	100	0.616814
0.4	1.6	1	10	0.141275
0.4	1.6	1	50	0.161774
0.4	1.6	1	100	0.171185
0.4	1.8	0	10	0.776261
0.4	1.8	0	50	0.774627
0.4	1.8	0	100	0.770418
0.4	1.8	0.2	10	0.803357
0.4	1.8	0.2	50	0.795878
0.4	1.8	0.2	100	0.791452
0.4	1.8	0.4	10	0.793419
0.4	1.8	0.4	50	0.783559
0.4	1.8	0.4	100	0.778207
0.4	1.8	0.6	10	0.72506
0.4	1.8	0.6	50	0.723885
0.4	1.8	0.6	100	0.720854
0.4	1.8	0.8	10	0.437528
0.4	1.8	0.8	50	0.486691
0.4	1.8	0.8	100	0.497904
0.4	1.8	1	10	0.0614921
0.4	1.8	1	50	0.085134
0.4	1.8	1	100	0.0922401
0.6	0	0	10	0.77871
0.6	0	0	50	0.774241
0.6	0	0	10	0.77871
0.6	0	0	50	0.774241
0.6	0	0	100	0.771612
0.6	0	0.2	10	0.77871
0.6	0	0.2	50	0.774241
0.6	0	0.2	100	0.771612
0.6	0	0.4	10	0.77871
0.6	0	0.4	50	0.774241
0.6	0	0.4	100	0.771612
0.6	0	0.6	10	0.77871
0.6	0	0.6	50	0.774241
0.6	0	0.6	100	0.771612
0.6	0	0.8	10	0.77871
0.6	0	0.8	50	0.774241
0.6	0	0.8	100	0.771612
0.6	0	1	10	0.77871
0.6	0	1	50	0.774241
0.6	0	1	100	0.771612
0.6	0.2	0	10	0.77871
0.6	0.2	0	50	0.774241
0.6	0.2	0	100	0.771612
0.6	0.2	0.2	10	0.787702
0.6	0.2	0.2	50	0.782645
0.6	0.2	0.2	100	0.781393
0.6	0.2	0.4	10	0.788413
0.6	0.2	0.4	50	0.784779
0.6	0.2	0.4	100	0.781895
0.6	0.2	0.6	10	0.79103
0.6	0.2	0.6	50	0.786
0.6	0.2	0.6	100	0.78219
0.6	0.2	0.8	10	0.793178
0.6	0.2	0.8	50	0.786883
0.6	0.2	0.8	100	0.783217
0.6	0.2	1	10	0.796554
0.6	0.2	1	50	0.789518
0.6	0.2	1	100	0.785511
0.6	0.4	0	10	0.77871
0.6	0.4	0	50	0.774241
0.6	0.4	0	100	0.771612
0.6	0.4	0.2	10	0.788216
0.6	0.4	0.2	50	0.784895
0.6	0.4	0.2	100	0.782523
0.6	0.4	0.4	10	0.793165
0.6	0.4	0.4	50	0.785502
0.6	0.4	0.4	100	0.782853
0.6	0.4	0.6	10	0.799876
0.6	0.4	0.6	50	0.790527
0.6	0.4	0.6	100	0.787951
0.6	0.4	0.8	10	0.80017
0.6	0.4	0.8	50	0.797903
0.6	0.4	0.8	100	0.793621
0.6	0.4	1	10	0.799897
0.6	0.4	1	50	0.794125
0.6	0.4	1	100	0.791186
0.6	0.6	0	10	0.77871
0.6	0.6	0	50	0.774241
0.6	0.6	0	100	0.771612
0.6	0.6	0.2	10	0.790532
0.6	0.6	0.2	50	0.784484
0.6	0.6	0.2	100	0.782027
0.6	0.6	0.4	10	0.798667
0.6	0.6	0.4	50	0.789918
0.6	0.6	0.4	100	0.786551
0.6	0.6	0.6	10	0.801062
0.6	0.6	0.6	50	0.796577
0.6	0.6	0.6	100	0.791772
0.6	0.6	0.8	10	0.798817
0.6	0.6	0.8	50	0.796957
0.6	0.6	0.8	100	0.796083
0.6	0.6	1	10	0.792072
0.6	0.6	1	50	0.788977
0.6	0.6	1	100	0.786354
0.6	0.8	0	10	0.77871
0.6	0.8	0	50	0.774241
0.6	0.8	0	100	0.771612
0.6	0.8	0.2	10	0.793634
0.6	0.8	0.2	50	0.784546
0.6	0.8	0.2	100	0.783391
0.6	0.8	0.4	10	0.801157
0.6	0.8	0.4	50	0.794933
0.6	0.8	0.4	100	0.794645
0.6	0.8	0.6	10	0.800538
0.6	0.8	0.6	50	0.798153
0.6	0.8	0.6	100	0.795251
0.6	0.8	0.8	10	0.793765
0.6	0.8	0.8	50	0.785815
0.6	0.8	0.8	100	0.786194
0.6	0.8	1	10	0.76721
0.6	0.8	1	50	0.763065
0.6	0.8	1	100	0.761354
0.6	1	0	10	0.77871
0.6	1	0	50	0.774241
0.6	1	0	100	0.771612
0.6	1	0.2	10	0.79808
0.6	1	0.2	50	0.787851
0.6	1	0.2	100	0.784688
0.6	1	0.4	10	0.801545
0.6	1	0.4	50	0.795728
0.6	1	0.4	100	0.792339
0.6	1	0.6	10	0.796922
0.6	1	0.6	50	0.794794
0.6	1	0.6	100	0.791578
0.6	1	0.8	10	0.777392
0.6	1	0.8	50	0.771711
0.6	1	0.8	100	0.768963
0.6	1	1	10	0.709837
0.6	1	1	50	0.709111
0.6	1	1	100	0.708977
0.6	1.2	0	10	0.77871
0.6	1.2	0	50	0.774241
0.6	1.2	0	100	0.771612
0.6	1.2	0.2	10	0.798649
0.6	1.2	0.2	50	0.790146
0.6	1.2	0.2	100	0.785839
0.6	1.2	0.4	10	0.799474
0.6	1.2	0.4	50	0.798826
0.6	1.2	0.4	100	0.79516
0.6	1.2	0.6	10	0.788973
0.6	1.2	0.6	50	0.782276
0.6	1.2	0.6	100	0.779256
0.6	1.2	0.8	10	0.746118
0.6	1.2	0.8	50	0.737945
0.6	1.2	0.8	100	0.736572
0.6	1.2	1	10	0.506185
0.6	1.2	1	50	0.556174
0.6	1.2	1	100	0.567625
0.6	1.4	0	10	0.77871
0.6	1.4	0	50	0.774241
0.6	1.4	0	100	0.771612
0.6	1.4	0.2	10	0.797455
0.6	1.4	0.2	50	0.793533
0.6	1.4	0.2	100	0.788139
0.6	1.4	0.4	10	0.800394
0.6	1.4	0.4	50	0.796172
0.6	1.4	0.4	100	0.795243
0.6	1.4	0.6	10	0.773172
0.6	1.4	0.6	50	0.767401
0.6	1.4	0.6	100	0.76703
0.6	1.4	0.8	10	0.693676
0.6	1.4	0.8	50	0.696059
0.6	1.4	0.8	100	0.695889
0.6	1.4	1	10	0.253679
0.6	1.4	1	50	0.28762
0.6	1.4	1	100	0.307195
0.6	1.6	0	10	0.77871
0.6	1.6	0	50	0.774241
0.6	1.6	0	100	0.771612
0.6	1.6	0.2	10	0.80073
0.6	1.6	0.2	50	0.793598
0.6	1.6	0.2	100	0.792307
0.6	1.6	0.4	10	0.795358
0.6	1.6	0.4	50	0.793812
0.6	1.6	0.4	100	0.788841
0.6	1.6	0.6	10	0.754765
0.6	1.6	0.6	50	0.746471
0.6	1.6	0.6	100	0.74474
0.6	1.6	0.8	10	0.610945
0.6	1.6	0.8	50	0.617387
0.6	1.6	0.8	100	0.616659
0.6	1.6	1	10	0.148114
0.6	1.6	1	50	0.163711
0.6	1.6	1	100	0.170215
0.6	1.8	0	10	0.77871
0.6	1.8	0	50	0.774241
0.6	1.8	0	100	0.771612
0.6	1.8	0.2	10	0.80149
0.6	1.8	0.2	50	0.795861
0.6	1.8	0.2	100	0.79235
0.6	1.8	0.4	10	0.789917
0.6	1.8	0.4	50	0.784951
0.6	1.8	0.4	100	0.780385
0.6	1.8	0.6	10	0.726548
0.6	1.8	0.6	50	0.72326
0.6	1.8	0.6	100	0.72228
0.6	1.8	0.8	10	0.459575
0.6	1.8	0.8	50	0.491451
0.6	1.8	0.8	100	0.499036
0.6	1.8	1	10	0.0699334
0.6	1.8	1	50	0.0868587
0.6	1.8	1	100	0.0913253
0.8	0	0	10	0.775483
0.8	0	0	50	0.774679
0.8	0	0	100	0.774707
0.8	0	0.2	10	0.775483
0.8	0	0.2	50	0.774679
0.8	0	0.2	100	0.774707
0.8	0	0.4	10	0.775483
0.8	0	0.4	50	0.774679
0.8	0	0.4	100	0.774707
0.8	0	0.6	10	0.775483
0.8	0	0.6	50	0.774679
0.8	0	0.6	100	0.774707
0.8	0	0.8	10	0.775483
0.8	0	0.8	50	0.774679
0.8	0	0.8	100	0.774707
0.8	0	1	10	0.775483
0.8	0	1	50	0.774679
0.8	0	1	100	0.774707
0.8	0.2	0	10	0.775483
0.8	0.2	0	50	0.774679
0.8	0.2	0	100	0.774707
0.8	0.2	0.2	10	0.786409
0.8	0.2	0.2	50	0.781945
0.8	0.2	0.2	100	0.782968
0.8	0.2	0.4	10	0.787247
0.8	0.2	0.4	50	0.783676
0.8	0.2	0.4	100	0.78516
0.8	0.2	0.6	10	0.788914
0.8	0.2	0.6	50	0.786484
0.8	0.2	0.6	100	0.78493
0.8	0.2	0.8	10	0.788885
0.8	0.2	0.8	50	0.788793
0.8	0.2	0.8	100	0.786568
0.8	0.2	1	10	0.795439
0.8	0.2	1	50	0.789222
0.8	0.2	1	100	0.789525
0.8	0.4	0	10	0.775483
0.8	0.4	0	50	0.774679
0.8	0.4	0	100	0.774707
0.8	0.4	0.2	10	0.787284
0.8	0.4	0.2	50	0.783695
0.8	0.4	0.2	100	0.785032
0.8	0.4	0.4	10	0.787854
0.8	0.4	0.4	50	0.787256
0.8	0.4	0.4	100	0.785926
0.8	0.4	0.6	10	0.79877
0.8	0.4	0.6	50	0.790918
0.8	0.4	0.6	100	0.790999
0.8	0.4	0.8	10	0.801728
0.8	0.4	0.8	50	0.799425
0.8	0.4	0.8	100	0.796662
0.8	0.4	1	10	0.797555
0.8	0.4	1	50	0.795209
0.8	0.4	1	100	0.792878
0.8	0.6	0	10	0.775483
0.8	0.6	0	50	0.774679
0.8	0.6	0	100	0.774707
0.8	0.6	0.2	10	0.788349
0.8	0.6	0.2	50	0.785266
0.8	0.6	0.2	100	0.784663
0.8	0.6	0.4	10	0.797874
0.8	0.6	0.4	50	0.791196
0.8	0.6	0.4	100	0.790318
0.8	0.6	0.6	10	0.798738
0.8	0.6	0.6	50	0.796979
0.8	0.6	0.6	100	0.794645
0.8	0.6	0.8	10	0.799836
0.8	0.6	0.8	50	0.798334
0.8	0.6	0.8	100	0.796573
0.8	0.6	1	10	0.791584
0.8	0.6	1	50	0.790565
0.8	0.6	1	100	0.78869
0.8	0.8	0	10	0.775483
0.8	0.8	0	50	0.774679
0.8	0.8	0	100	0.774707
0.8	0.8	0.2	10	0.787909
0.8	0.8	0.2	50	0.785966
0.8	0.8	0.2	100	0.784576
0.8	0.8	0.4	10	0.799449
0.8	0.8	0.4	50	0.795504
0.8	0.8	0.4	100	0.795116
0.8	0.8	0.6	10	0.799355
0.8	0.8	0.6	50	0.798201
0.8	0.8	0.6	100	0.797385
0.8	0.8	0.8	10	0.791585
0.8	0.8	0.8	50	0.785967
0.8	0.8	0.8	100	0.787462
0.8	0.8	1	10	0.766387
0.8	0.8	1	50	0.764266
0.8	0.8	1	100	0.763798
0.8	1	0	10	0.775483
0.8	1	0	50	0.774679
0.8	1	0	100	0.774707
0.8	1	0.2	10	0.793845
0.8	1	0.2	50	0.789554
0.8	1	0.2	100	0.78841
0.8	1	0.4	10	0.79914
0.8	1	0.4	50	0.796073
0.8	1	0.4	100	0.796015
0.8	1	0.6	10	0.798477
0.8	1	0.6	50	0.793551
0.8	1	0.6	100	0.793201
0.8	1	0.8	10	0.774684
0.8	1	0.8	50	0.772319
0.8	1	0.8	100	0.769508
0.8	1	1	10	0.713547
0.8	1	1	50	0.709911
0.8	1	1	100	0.710072
0.8	1.2	0	10	0.775483
0.8	1.2	0	50	0.774679
0.8	1.2	0	100	0.774707
0.8	1.2	0.2	10	0.799075
0.8	1.2	0.2	50	0.790272
0.8	1.2	0.2	100	0.789716
0.8	1.2	0.4	10	0.79993
0.8	1.2	0.4	50	0.79881
0.8	1.2	0.4	100	0.798968
0.8	1.2	0.6	10	0.786137
0.8	1.2	0.6	50	0.78204
0.8	1.2	0.6	100	0.783056
0.8	1.2	0.8	10	0.744918
0.8	1.2	0.8	50	0.739048
0.8	1.2	0.8	100	0.738133
0.8	1.2	1	10	0.539706
0.8	1.2	1	50	0.563719
0.8	1.2	1	100	0.568835
0.8	1.4	0	10	0.775483
0.8	1.4	0	50	0.774679
0.8	1.4	0	100	0.774707
0.8	1.4	0.2	10	0.796213
0.8	1.4	0.2	50	0.792458
0.8	1.4	0.2	100	0.791741
0.8	1.4	0.4	10	0.800996
0.8	1.4	0.4	50	0.796998
0.8	1.4	0.4	100	0.795617
0.8	1.4	0.6	10	0.774094
0.8	1.4	0.6	50	0.768325
0.8	1.4	0.6	100	0.76965
0.8	1.4	0.8	10	0.698768
0.8	1.4	0.8	50	0.697394
0.8	1.4	0.8	100	0.696567
0.8	1.4	1	10	0.270948
0.8	1.4	1	50	0.295667
0.8	1.4	1	100	0.304164
0.8	1.6	0	10	0.775483
0.8	1.6	0	50	0.774679
0.8	1.6	0	100	0.774707
0.8	1.6	0.2	10	0.798434
0.8	1.6	0.2	50	0.794343
0.8	1.6	0.2	100	0.793103
0.8	1.6	0.4	10	0.7938
0.8	1.6	0.4	50	0.795525
0.8	1.6	0.4	100	0.792128
0.8	1.6	0.6	10	0.751248
0.8	1.6	0.6	50	0.747095
0.8	1.6	0.6	100	0.748568
0.8	1.6	0.8	10	0.617116
0.8	1.6	0.8	50	0.621084
0.8	1.6	0.8	100	0.621249
0.8	1.6	1	10	0.156234
0.8	1.6	1	50	0.166266
0.8	1.6	1	100	0.169412
0.8	1.8	0	10	0.775483
0.8	1.8	0	50	0.774679
0.8	1.8	0	100	0.774707
0.8	1.8	0.2	10	0.799441
0.8	1.8	0.2	50	0.795242
0.8	1.8	0.2	100	0.794725
0.8	1.8	0.4	10	0.790864
0.8	1.8	0.4	50	0.785363
0.8	1.8	0.4	100	0.783754
0.8	1.8	0.6	10	0.727307
0.8	1.8	0.6	50	0.724639
0.8	1.8	0.6	100	0.724946
0.8	1.8	0.8	10	0.485239
0.8	1.8	0.8	50	0.494828
0.8	1.8	0.8	100	0.499287
0.8	1.8	1	10	0.0804719
0.8	1.8	1	50	0.0879284
0.8	1.8	1	100	0.0905974
1	0	0	10	0.774122
1	0	0	50	0.774122
1	0	0	100	0.774122
1	0	0.2	10	0.774122
1	0	0.2	50	0.774122
1	0	0.2	100	0.774122
1	0	0.4	10	0.774122
1	0	0.4	50	0.774122
1	0	0.4	100	0.774122
1	0	0.6	10	0.774122
1	0	0.6	50	0.774122
1	0	0.6	100	0.774122
1	0	0.8	10	0.774122
1	0	0.8	50	0.774122
1	0	0.8	100	0.774122
1	0	1	10	0.774122
1	0	1	50	0.774122
1	0	1	100	0.774122
1	0.2	0	10	0.774122
1	0.2	0	50	0.774122
1	0.2	0	100	0.774122
1	0.2	0.2	10	0.78302
1	0.2	0.2	50	0.78302
1	0.2	0.2	100	0.78302
1	0.2	0.4	10	0.785441
1	0.2	0.4	50	0.785441
1	0.2	0.4	100	0.785441
1	0.2	0.6	10	0.785732
1	0.2	0.6	50	0.785732
1	0.2	0.6	100	0.785732
1	0.2	0.8	10	0.78789
1	0.2	0.8	50	0.78789
1	0.2	0.8	100	0.78789
1	0.2	1	10	0.79007
1	0.2	1	50	0.79007
1	0.2	1	100	0.79007
1	0.4	0	10	0.774122
1	0.4	0	50	0.774122
1	0.4	0	100	0.774122
1	0.4	0.2	10	0.785441
1	0.4	0.2	50	0.785441
1	0.4	0.2	100	0.785441
1	0.4	0.4	10	0.787094
1	0.4	0.4	50	0.787094
1	0.4	0.4	100	0.787094
1	0.4	0.6	10	0.794131
1	0.4	0.6	50	0.794131
1	0.4	0.6	100	0.794131
1	0.4	0.8	10	0.797712
1	0.4	0.8	50	0.797712
1	0.4	0.8	100	0.797712
1	0.4	1	10	0.797214
1	0.4	1	50	0.797214
1	0.4	1	100	0.797214
1	0.6	0	10	0.774122
1	0.6	0	50	0.774122
1	0.6	0	100	0.774122
1	0.6	0.2	10	0.784569
1	0.6	0.2	50	0.784569
1	0.6	0.2	100	0.784569
1	0.6	0.4	10	0.792415
1	0.6	0.4	50	0.792415
1	0.6	0.4	100	0.792415
1	0.6	0.6	10	0.797075
1	0.6	0.6	50	0.797075
1	0.6	0.6	100	0.797075
1	0.6	0.8	10	0.799309
1	0.6	0.8	50	0.799309
1	0.6	0.8	100	0.799309
1	0.6	1	10	0.791268
1	0.6	1	50	0.791268
1	0.6	1	100	0.791268
1	0.8	0	10	0.774122
1	0.8	0	50	0.774122
1	0.8	0	100	0.774122
1	0.8	0.2	10	0.786898
1	0.8	0.2	50	0.786898
1	0.8	0.2	100	0.786898
1	0.8	0.4	10	0.795581
1	0.8	0.4	50	0.795581
1	0.8	0.4	100	0.795581
1	0.8	0.6	10	0.798844
1	0.8	0.6	50	0.798844
1	0.8	0.6	100	0.798844
1	0.8	0.8	10	0.787768
1	0.8	0.8	50	0.787768
1	0.8	0.8	100	0.787768
1	0.8	1	10	0.764633
1	0.8	1	50	0.764633
1	0.8	1	100	0.764633
1	1	0	10	0.774122
1	1	0	50	0.774122
1	1	0	100	0.774122
1	1	0.2	10	0.789849
1	1	0.2	50	0.789849
1	1	0.2	100	0.789849
1	1	0.4	10	0.797246
1	1	0.4	50	0.797246
1	1	0.4	100	0.797246
1	1	0.6	10	0.795884
1	1	0.6	50	0.795884
1	1	0.6	100	0.795884
1	1	0.8	10	0.773718
1	1	0.8	50	0.773718
1	1	0.8	100	0.773718
1	1	1	10	0.716263
1	1	1	50	0.716263
1	1	1	100	0.716263
1	1.2	0	10	0.774122
1	1.2	0	50	0.774122
1	1.2	0	100	0.774122
1	1.2	0.2	10	0.792333
1	1.2	0.2	50	0.792333
1	1.2	0.2	100	0.792333
1	1.2	0.4	10	0.799109
1	1.2	0.4	50	0.799109
1	1.2	0.4	100	0.799109
1	1.2	0.6	10	0.782298
1	1.2	0.6	50	0.782298
1	1.2	0.6	100	0.782298
1	1.2	0.8	10	0.742751
1	1.2	0.8	50	0.742751
1	1.2	0.8	100	0.742751
1	1.2	1	10	0.571365
1	1.2	1	50	0.571365
1	1.2	1	100	0.571365
1	1.4	0	10	0.774122
1	1.4	0	50	0.774122
1	1.4	0	100	0.774122
1	1.4	0.2	10	0.792464
1	1.4	0.2	50	0.792464
1	1.4	0.2	100	0.792464
1	1.4	0.4	10	0.797031
1	1.4	0.4	50	0.797031
1	1.4	0.4	100	0.797031
1	1.4	0.6	10	0.772502
1	1.4	0.6	50	0.772502
1	1.4	0.6	100	0.772502
1	1.4	0.8	10	0.699303
1	1.4	0.8	50	0.699303
1	1.4	0.8	100	0.699303
1	1.4	1	10	0.300513
1	1.4	1	50	0.300513
1	1.4	1	100	0.300513
1	1.6	0	10	0.774122
1	1.6	0	50	0.774122
1	1.6	0	100	0.774122
1	1.6	0.2	10	0.795526
1	1.6	0.2	50	0.795526
1	1.6	0.2	100	0.795526
1	1.6	0.4	10	0.794193
1	1.6	0.4	50	0.794193
1	1.6	0.4	100	0.794193
1	1.6	0.6	10	0.748593
1	1.6	0.6	50	0.748593
1	1.6	0.6	100	0.748593
1	1.6	0.8	10	0.625655
1	1.6	0.8	50	0.625655
1	1.6	0.8	100	0.625655
1	1.6	1	10	0.169214
1	1.6	1	50	0.169214
1	1.6	1	100	0.169214
1	1.8	0	10	0.774122
1	1.8	0	50	0.774122
1	1.8	0	100	0.774122
1	1.8	0.2	10	0.796685
1	1.8	0.2	50	0.796685
1	1.8	0.2	100	0.796685
1	1.8	0.4	10	0.785247
1	1.8	0.4	50	0.785247
1	1.8	0.4	100	0.785247
1	1.8	0.6	10	0.726922
1	1.8	0.6	50	0.726922
1	1.8	0.6	100	0.726922
1	1.8	0.8	10	0.49992
1	1.8	0.8	50	0.49992
1	1.8	0.8	100	0.49992
1	1.8	1	10	0.0889725
1	1.8	1	50	0.0889725
1	1.8	1	100	0.0889725
