0 55609 1
1 46025 1
2 45635 1
3 20706 1
4 34921 1
5 2865 1
6 23587 1
7 51965 1
8 77041 1
9 1947 1
10 19055 1
11 16145 1
12 54902 1
13 596 1
14 46168 1
15 429 1
16 43500 1
17 13227 1
18 33964 1
19 36893 1
20 1817 1
21 50313 1
22 38510 1
23 33351 1
24 43741 1
25 421 1
26 44010 1
27 66544 1
28 812 1
29 68976 1
30 19773 1
31 37440 1
32 41983 1
33 29453 1
34 44011 1
35 34901 1
36 29644 1
37 54894 1
38 40992 1
39 73424 1
40 5230 1
41 23901 1
42 27491 1
43 51713 1
44 53889 1
45 344 1
46 46058 1
47 21533 1
48 2732 1
49 74547 1
50 51501 1
51 2848 1
52 20966 1
53 73783 1
54 30559 1
55 51394 1
56 27239 1
57 12651 1
58 14114 1
59 4606 1
60 68568 1
61 2093 1
62 22242 1
63 25447 1
64 72423 1
65 51128 1
66 49336 1
67 18787 1
68 50632 1
69 33356 1
70 48504 1
71 64085 1
72 72967 1
73 5725 1
74 20402 1
75 17308 1
76 48664 1
77 55876 1
78 49359 1
79 1299 1
80 17533 1
81 53633 1
82 54529 1
83 393 1
84 35344 1
85 2355 1
86 60171 1
87 43963 1
88 31724 1
89 68360 1
90 11158 1
91 2784 1
92 3429 1
93 51713 1
94 40902 1
95 74692 1
96 30664 1
97 42716 1
98 60675 1
99 23151 1
100 75033 1
101 6325 1
102 461 1
103 1235 1
104 3139 1
105 17309 1
106 19152 1
107 781 1
108 2818 1
109 17166 1
110 54393 1
111 49007 1
112 66681 1
113 18654 1
114 68356 1
115 55054 1
116 18426 1
117 23248 1
118 2649 1
119 54839 1
120 34804 1
121 12957 1
122 35801 1
123 57679 1
124 40734 1
125 44011 1
126 26541 1
127 56818 1
128 48048 1
129 13831 1
130 2353 1
131 21170 1
132 22040 1
133 34439 1
134 55054 1
135 33099 1
136 28369 1
137 12956 1
138 70395 1
139 54634 1
140 54897 1
141 13395 1
142 46225 1
143 3237 1
144 47617 1
145 75719 1
146 49664 1
147 47822 1
148 40367 1
149 18426 1
150 8803 1
151 37697 1
152 26614 1
153 54891 1
154 73783 1
155 49083 1
156 65173 1
157 74603 1
158 21599 1
159 68540 1
160 54898 1
161 73762 1
162 60027 1
163 67190 1
164 52900 1
165 52967 1
166 2924 1
167 60379 1
168 36155 1
169 64074 1
170 37430 1
171 96 1
172 22421 1
173 48465 1
174 33109 1
175 1798 1
176 24003 1
177 378 1
178 45602 1
179 52625 1
180 85 1
181 67001 1
182 50327 1
183 14057 1
184 27560 1
185 371 1
186 24357 1
187 18133 1
188 51669 1
189 68983 1
190 38842 1
191 40771 1
192 74915 1
193 40165 1
194 1250 1
195 53785 1
196 35408 1
197 56691 1
198 58758 1
199 46267 1
200 11793 1
201 42646 1
202 10010 1
203 45604 1
204 17306 1
205 66617 1
206 69678 1
207 8347 1
208 16981 1
209 77387 1
210 24037 1
211 14630 1
212 38555 1
213 22246 1
214 25986 1
215 75799 1
216 33731 1
217 12848 1
218 12857 1
219 12995 1
220 22379 1
221 13014 1
222 23602 1
223 76284 1
224 35552 1
225 21372 1
226 74876 1
227 67163 1
228 2348 1
229 13522 1
230 66406 1
231 76111 1
232 41254 1
233 1965 1
234 9237 1
235 11160 1
236 31390 1
237 69731 1
238 44011 1
239 49139 1
240 72791 1
241 2929 1
242 66406 1
243 18919 1
244 33325 1
245 42829 1
246 67772 1
247 41983 1
248 4083 1
249 22035 1
250 20718 1
251 16956 1
252 76559 1
253 3485 1
254 66548 1
255 68610 1
256 56690 1
257 68361 1
258 35397 1
259 54888 1
260 65911 1
261 74032 1
262 67022 1
263 60439 1
264 29234 1
265 46057 1
266 9237 1
267 51901 1
268 61575 1
269 13844 1
270 29234 1
271 3238 1
272 29934 1
273 57013 1
274 19055 1
275 75950 1
276 46041 1
277 53748 1
278 74876 1
279 57091 1
280 18133 1
281 67704 1
282 23592 1
283 14235 1
284 46076 1
285 45574 1
286 720 1
287 52022 1
288 58772 1
289 47617 1
290 72423 1
291 56134 1
292 24085 1
293 77220 1
294 16980 1
295 49019 1
296 39901 1
297 52495 1
298 61581 1
299 48066 1
300 52877 1
301 44486 1
302 257 1
303 23767 1
304 19292 1
305 2355 1
306 51098 1
307 62089 1
308 38414 1
309 12809 1
310 72480 1
311 49579 1
312 48066 1
313 377 1
314 52220 1
315 18126 1
316 38844 1
317 4083 1
318 36393 1
319 56310 1
320 52415 1
321 22475 1
322 22421 1
323 22621 1
324 58830 1
325 3238 1
326 40347 1
327 4202 1
328 24052 1
329 23576 1
330 44559 1
331 49144 1
332 58721 1
333 36033 1
334 67028 1
335 25448 1
336 53393 1
337 66967 1
338 41785 1
339 27791 1
340 30181 1
341 55050 1
342 28256 1
343 5921 1
344 20025 1
345 46150 1
346 61985 1
347 58873 1
348 24497 1
349 55052 1
350 40708 1
351 61944 1
352 5640 1
353 55055 1
354 74474 1
355 29085 1
356 1947 1
357 20116 1
358 67188 1
359 66668 1
360 41884 1
361 477 1
362 42988 1
363 5477 1
364 40903 1
365 60610 1
366 63731 1
367 51674 1
368 49132 1
369 72801 1
370 18716 1
371 34217 1
372 38516 1
373 66663 1
374 24003 1
375 52247 1
376 36213 1
377 38557 1
378 49008 1
379 3549 1
380 35588 1
381 3728 1
382 69081 1
383 74340 1
384 49579 1
385 39229 1
386 69699 1
387 36882 1
388 17854 1
389 5729 1
390 2103 1
391 51120 1
392 10870 1
393 2336 1
394 62042 1
395 47620 1
396 14226 1
397 34137 1
398 63822 1
399 34208 1
400 27554 1
401 73815 1
402 29323 1
403 69018 1
404 48061 1
405 12854 1
406 14120 1
407 69077 1
408 54903 1
409 5725 1
410 34110 1
411 21300 1
412 35147 1
413 9617 1
414 60618 1
415 65806 1
416 26839 1
417 55054 1
418 8530 1
419 48698 1
420 48331 1
421 24159 1
422 64039 1
423 67566 1
424 35846 1
425 69018 1
426 66632 1
427 4995 1
428 47837 1
429 60399 1
430 5511 1
431 40165 1
432 24572 1
433 68791 1
434 477 1
435 46058 1
436 52109 1
437 43633 1
438 8592 1
439 66894 1
440 18702 1
441 594 1
442 61531 1
443 38406 1
444 24612 1
445 332 1
446 68907 1
447 56182 1
448 45604 1
449 13988 1
450 12959 1
451 2857 1
452 74055 1
453 55052 1
454 12857 1
455 20461 1
456 36650 1
457 33140 1
458 759 1
459 686 1
460 77140 1
461 53062 1
462 72321 1
463 56861 1
464 25286 1
465 26158 1
466 58643 1
467 4083 1
468 13394 1
469 56424 1
470 46596 1
471 49122 1
472 32769 1
473 68761 1
474 74055 1
475 36354 1
476 36241 1
477 18200 1
478 70303 1
479 76562 1
480 67204 1
481 22567 1
482 66610 1
483 57314 1
484 58598 1
485 66544 1
486 51130 1
487 7654 1
488 47813 1
489 36305 1
490 28940 1
491 44403 1
492 25330 1
493 56876 1
494 48897 1
495 65688 1
496 45386 1
497 5477 1
498 8344 1
499 997 1
500 60675 1
501 37020 1
502 56918 1
503 44011 1
504 74540 1
505 67065 1
506 73808 1
507 997 1
508 29420 1
509 43924 1
510 64036 1
511 44011 1
512 39132 1
513 56182 1
514 748 1
515 21913 1
516 74721 1
517 71741 1
518 63605 1
519 4289 1
520 19059 1
521 26873 1
522 588 1
523 60399 1
524 44011 1
525 52467 1
526 74598 1
527 52402 1
528 67362 1
529 18126 1
530 34074 1
531 53616 1
532 76898 1
533 38310 1
534 23289 1
535 3311 1
536 23494 1
537 3118 1
538 16751 1
539 65190 1
540 12130 1
541 13228 1
542 42223 1
543 72838 1
544 801 1
545 46200 1
546 70382 1
547 32901 1
548 10385 1
549 48192 1
550 21607 1
551 42463 1
552 40734 1
553 46057 1
554 57802 1
555 16981 1
556 77250 1
557 60464 1
558 12757 1
559 12839 1
560 51788 1
561 61528 1
562 42075 1
563 74032 1
564 74441 1
565 29253 1
566 76190 1
567 49377 1
568 76918 1
569 24603 1
570 55053 1
571 17006 1
572 77140 1
573 780 1
574 54899 1
575 814 1
576 10479 1
577 77216 1
578 602 1
579 26942 1
580 48074 1
581 12900 1
582 2358 1
583 56416 1
584 1684 1
585 54578 1
586 11030 1
587 72986 1
588 46066 1
589 30934 1
590 12960 1
591 30557 1
592 2893 1
593 60760 1
594 67179 1
595 48188 1
596 10259 1
597 226 1
598 57090 1
599 48922 1
600 15003 1
601 70798 1
602 32641 1
603 16607 1
604 17983 1
605 16112 1
606 3839 1
607 40903 1
608 13059 1
609 57089 1
610 48818 1
611 545 1
612 46225 1
613 28269 1
614 13855 1
615 54909 1
616 47620 1
617 55050 1
618 49152 1
619 7927 1
620 68907 1
621 23847 1
622 3237 1
623 34475 1
624 69258 1
625 2840 1
626 68570 1
627 67190 1
628 34247 1
629 14709 1
630 19096 1
631 67022 1
632 60474 1
633 73854 1
634 24820 1
635 53985 1
636 38974 1
637 73424 1
638 70284 1
639 34284 1
640 20650 1
641 46058 1
642 35067 1
643 24742 1
644 52273 1
645 15611 1
646 24427 1
647 73944 1
648 5921 1
649 68907 1
650 25338 1
651 37124 1
652 63820 1
653 71119 1
654 22052 1
655 40000 1
656 71596 1
657 16955 1
658 65117 1
659 12854 1
660 70433 1
661 13850 1
662 14868 1
663 3534 1
664 45889 1
665 17533 1
666 33351 1
667 24293 1
668 63506 1
669 5732 1
670 424 1
671 53640 1
672 2922 1
673 2217 1
674 72589 1
675 52220 1
676 69139 1
677 66617 1
678 2656 1
679 53630 1
680 51128 1
681 43714 1
682 54907 1
683 14026 1
684 61331 1
685 1134 1
686 45635 1
687 65554 1
688 69027 1
689 73170 1
690 420 1
691 38804 1
692 77399 1
693 20110 1
694 16957 1
695 61189 1
696 69767 1
697 19295 1
698 48805 1
699 4078 1
700 487 1
701 62940 1
702 17306 1
703 63382 1
704 1843 1
705 53727 1
706 59573 1
707 46087 1
708 67024 1
709 23852 1
710 69151 1
711 59122 1
712 2819 1
713 33499 1
714 46022 1
715 46026 1
716 69525 1
717 13767 1
718 40756 1
719 31576 1
720 48701 1
721 38510 1
722 66572 1
723 29317 1
724 9617 1
725 46026 1
726 67881 1
727 758 1
728 14679 1
729 45117 1
730 13822 1
731 23067 1
732 23637 1
733 68983 1
734 56597 1
735 41238 1
736 54902 1
737 75736 1
738 38974 1
739 18409 1
740 44011 1
741 23803 1
742 24898 1
743 25342 1
744 33351 1
745 19805 1
746 23640 1
747 29348 1
748 3239 1
749 69881 1
750 23526 1
751 66095 1
752 5511 1
753 37353 1
754 61868 1
755 74037 1
756 70437 1
757 14278 1
758 262 1
759 18431 1
760 12408 1
761 22791 1
762 63506 1
763 1771 1
764 13587 1
765 53074 1
766 65799 1
767 18133 1
768 54634 1
769 47617 1
770 44376 1
771 16141 1
772 45705 1
773 53993 1
774 59705 1
775 70437 1
776 70077 1
777 13897 1
778 71139 1
779 64085 1
780 46251 1
781 49138 1
782 21912 1
783 65851 1
784 2103 1
785 54897 1
786 38405 1
787 65633 1
788 69131 1
789 31287 1
790 56811 1
791 52038 1
792 65558 1
793 40023 1
794 40731 1
795 13852 1
796 64339 1
797 45229 1
798 53206 1
799 34952 1
800 55598 1
801 31164 1
802 38283 1
803 53610 1
804 63990 1
805 50327 1
806 60539 1
807 44014 1
808 75924 1
809 2177 1
810 45636 1
811 8153 1
812 60675 1
813 18768 1
814 68570 1
815 50200 1
816 27556 1
817 52531 1
818 43895 1
819 18831 1
820 56467 1
821 55065 1
822 18548 1
823 68921 1
824 27651 1
825 75799 1
826 25048 1
827 36026 1
828 74054 1
829 18713 1
830 38913 1
831 19055 1
832 8730 1
833 513 1
834 17591 1
835 2864 1
836 24005 1
837 39034 1
838 13789 1
839 42082 1
840 73022 1
841 40793 1
842 34804 1
843 37207 1
844 33285 1
845 35290 1
846 45634 1
847 45157 1
848 49359 1
849 2811 1
850 51120 1
851 55846 1
852 430 1
853 16980 1
854 69139 1
855 25417 1
856 61656 1
857 14227 1
858 22510 1
859 23054 1
860 54987 1
861 2348 1
862 16330 1
863 13014 1
864 40771 1
865 7863 1
866 74675 1
867 31633 1
868 21000 1
869 8695 1
870 53602 1
871 10483 1
872 27968 1
873 13522 1
874 1276 1
875 2110 1
876 12811 1
877 66506 1
878 67189 1
879 54955 1
880 10747 1
881 48358 1
882 49373 1
883 13098 1
884 781 1
885 14235 1
886 40152 1
887 26575 1
888 66518 1
889 53397 1
890 2949 1
891 15008 1
892 23508 1
893 34126 1
894 75942 1
895 37117 1
896 60255 1
897 45892 1
898 52639 1
899 52901 1
900 23276 1
901 19292 1
902 11195 1
903 34590 1
904 429 1
905 58197 1
906 74032 1
907 1338 1
908 23584 1
909 23609 1
910 74691 1
911 58416 1
912 30591 1
913 16960 1
914 38283 1
915 2336 1
916 37353 1
917 69259 1
918 22240 1
919 24005 1
920 52277 1
921 12648 1
922 18227 1
923 68512 1
924 12508 1
925 57117 1
926 68921 1
927 13466 1
928 40204 1
929 35399 1
930 16607 1
931 13823 1
932 12687 1
933 60304 1
934 20706 1
935 41436 1
936 20461 1
937 31715 1
938 59705 1
939 39511 1
940 74911 1
941 12854 1
942 45156 1
943 64630 1
944 374 1
945 20706 1
946 57721 1
947 63731 1
948 61896 1
949 362 1
950 65926 1
951 39229 1
952 74124 1
953 54894 1
954 67663 1
955 18887 1
956 5725 1
957 31293 1
958 14535 1
959 26614 1
960 44895 1
961 16574 1
962 73769 1
963 39901 1
964 67058 1
965 24992 1
966 29951 1
967 20894 1
968 20750 1
969 63767 1
970 73763 1
971 47853 1
972 28295 1
973 60837 1
974 34057 1
975 589 1
976 66548 1
977 2929 1
978 45922 1
979 56208 1
980 50717 1
981 56134 1
982 3535 1
983 46267 1
984 66109 1
985 36882 1
986 43845 1
987 65842 1
988 42989 1
989 18133 1
990 52390 1
991 40882 1
992 17606 1
993 63697 1
994 15431 1
995 22040 1
996 54903 1
997 53018 1
998 62659 1
999 21074 1
1000 11188 1
1001 51128 1
1002 23998 1
1003 15244 1
1004 29637 1
1005 46202 1
1006 37772 1
1007 44418 1
1008 11797 1
1009 4082 1
1010 24612 1
1011 2949 1
1012 41245 1
1013 23662 1
1014 55598 1
1015 68896 1
1016 52172 1
1017 35409 1
1018 75034 1
1019 45671 1
1020 63870 1
1021 24420 1
1022 34246 1
1023 75564 1
1024 12960 1
1025 13764 1
1026 2103 1
1027 37440 1
1028 35042 1
1029 49636 1
1030 57115 1
1031 12963 1
1032 60588 1
1033 52544 1
1034 12847 1
1035 4869 1
1036 55920 1
1037 52373 1
1038 77273 1
1039 51667 1
1040 61167 1
1041 66125 1
1042 21482 1
1043 35133 1
1044 7210 1
1045 33350 1
1046 30506 1
1047 14405 1
1048 57696 1
1049 48239 1
1050 2949 1
1051 10331 1
1052 49122 1
1053 72484 1
1054 21914 1
1055 2778 1
1056 36026 1
1057 5611 1
1058 69048 1
1059 3374 1
1060 41489 1
1061 52465 1
1062 487 1
1063 60681 1
1064 1049 1
1065 54897 1
1066 13216 1
1067 9623 1
1068 1053 1
1069 10017 1
1070 23604 1
1071 18133 1
1072 2430 1
1073 46230 1
1074 53391 1
1075 47451 1
1076 31633 1
1077 55744 1
1078 2725 1
1079 2787 1
1080 54997 1
1081 21912 1
1082 60440 1
1083 6008 1
1084 44130 1
1085 52897 1
1086 46087 1
1087 36040 1
1088 39084 1
1089 26949 1
1090 1816 1
1091 63820 1
1092 32528 1
1093 12476 1
1094 67598 1
1095 72987 1
1096 453 1
1097 19152 1
1098 73759 1
1099 57713 1
1100 71653 1
1101 9353 1
1102 2361 1
1103 46264 1
1104 25442 1
1105 8495 1
1106 1687 1
1107 68983 1
1108 8695 1
1109 27549 1
1110 25257 1
1111 46058 1
1112 69723 1
1113 38178 1
1114 572 1
1115 37293 1
1116 2947 1
1117 2774 1
1118 50593 1
1119 32 1
1120 2935 1
1121 37841 1
1122 380 1
1123 11802 1
1124 31724 1
1125 8669 1
1126 27651 1
1127 3426 1
1128 73831 1
1129 46753 1
1130 59478 1
1131 72589 1
1132 55791 1
1133 43803 1
1134 21913 1
1135 861 1
1136 54957 1
1137 49579 1
1138 34736 1
1139 21370 1
1140 54144 1
1141 3995 1
1142 66658 1
1143 44018 1
1144 4742 1
1145 55445 1
1146 33955 1
1147 13228 1
1148 25799 1
1149 19615 1
1150 55055 1
1151 43217 1
1152 67201 1
1153 45604 1
1154 65028 1
1155 61222 1
1156 24159 1
1157 44989 1
1158 67729 1
1159 49083 1
1160 66672 1
1161 39901 1
1162 882 1
1163 44011 1
1164 73850 1
1165 21586 1
1166 13107 1
1167 50117 1
1168 49114 1
1169 7927 1
1170 1278 1
1171 5722 1
1172 56539 1
1173 65911 1
1174 22754 1
1175 52273 1
1176 21317 1
1177 9094 1
1178 75917 1
1179 28115 1
1180 17884 1
1181 52677 1
1182 51116 1
1183 33285 1
1184 34940 1
1185 55055 1
1186 3374 1
1187 47446 1
1188 66544 1
1189 60839 1
1190 47920 1
1191 56592 1
1192 63385 1
1193 67701 1
1194 62050 1
1195 58905 1
1196 52189 1
1197 41028 1
1198 415 1
1199 55612 1
1200 13741 1
1201 14679 1
1202 56182 1
1203 59101 1
1204 48710 1
1205 75720 1
1206 33981 1
1207 20790 1
1208 14125 1
1209 75942 1
1210 67022 1
1211 5124 1
1212 56573 1
1213 75656 1
1214 29935 1
1215 50868 1
1216 35577 1
1217 22662 1
1218 442 1
1219 14026 1
1220 19055 1
1221 51713 1
1222 34508 1
1223 5611 1
1224 891 1
1225 51792 1
1226 73831 1
1227 2774 1
1228 23602 1
1229 71843 1
1230 340 1
1231 4078 1
1232 58819 1
1233 21533 1
1234 13453 1
1235 61491 1
1236 51490 1
1237 48683 1
1238 11797 1
1239 45604 1
1240 43803 1
1241 14311 1
1242 25442 1
1243 56691 1
1244 4663 1
1245 60505 1
1246 52594 1
1247 54898 1
1248 49019 1
1249 73944 1
1250 34318 1
1251 21372 1
1252 33356 1
1253 17544 1
1254 45383 1
1255 3043 1
1256 52384 1
1257 3572 1
1258 74200 1
1259 61832 1
1260 719 1
1261 21301 1
1262 36718 1
1263 59241 1
1264 73786 1
1265 44103 1
1266 21618 1
1267 14125 1
1268 57731 1
1269 60676 1
1270 23645 1
1271 24000 1
1272 45604 1
1273 22388 1
1274 2410 1
1275 58837 1
1276 23874 1
1277 9623 1
1278 64086 1
1279 23930 1
1280 8531 1
1281 60166 1
1282 24003 1
1283 28466 1
1284 19057 1
1285 66920 1
1286 53748 1
1287 57204 1
1288 40655 1
1289 18235 1
1290 21460 1
1291 24293 1
1292 72833 1
1293 66642 1
1294 44010 1
1295 63874 1
1296 25307 1
1297 10483 1
1298 12510 1
1299 2896 1
1300 2391 1
1301 29951 1
1302 72838 1
1303 2947 1
1304 43927 1
1305 30000 1
1306 50060 1
1307 55598 1
1308 2103 1
1309 3583 1
1310 74638 1
1311 16225 1
1312 66542 1
1313 18116 1
1314 53652 1
1315 49181 1
1316 41983 1
1317 47299 1
1318 61932 1
1319 14018 1
1320 70303 1
1321 3418 1
